# Created by Octave 4.2.1, Thu Jan 11 23:57:18 2018 GMT <unknown@unknown>
# name: v
# type: matrix
# rows: 10
# columns: 1
 399900
 329900
 369000
 232000
 539900
 299900
 314900
 198999
 212000
 242500


